224

60001071001017 160

;;;;;;; 11111111.. 0 0

....... 1111111001 000 017 152
601010, 0110910107 15
6010107207

6010001019, 80061010100190
601010101 ,1101101007 190
60191509119111111001007 197
....... 0 0 07 197
601010 ,Αο001007 184
60101111, Thomas de; 157 10)
6100109,1.11110[00. 110010 7 49
6110011, 0001910107 12, 59, ,205

....7... 9010007 38 (bis)
811111111111111

Gmey. Μο11100007 112
6100000101000110111010, 0011 017 10,11,
6111111114εο000, 1101911007 1, 16

Gode', Aduma daughter 017 82
60001011, 0000017 94
6001101,111011010; 5

6011011011, 0000017 60

Goldin 100 00. Βο00]7 20, 22
6011100117, 090100174
6011110110[00. L1ncs]; 83

601109, 91101000 000 0000 017 94
600001100[00.11000]7 172, 175
6000001011111, 1100011 007 205
601111111[00. Lines& 172
6000007, 6110011 07179
60010007100. Lines]; 74
601111111 [00. Lines]; 200
6101110111 00.110010]7 42
....... 1111010007 42
6101110, 0000 01 ; 122
61011010. See 6100111001
....... 1101911007 154
61010100190 [00. Lines? 93
610010001, 9100000 0 7 125, 156, 149,
6110111101110201017 55, 155

61010 0, 1100011007 41, 127

....... 6001110700 107 185

....... William de 7 45

610101010, 1100011 007 50

..... ., William 00, John son 017 50
61010107 [00. 110010]; 50

61010001, ’10010007 12

............. Joan 11110017 12

610010 ,11000117 170,175

6129960 010, 0100101000 0001001 017 72,

6100111010[00. Lines]; 204
6109019 000 10107 169
610111 010, *homas 07185
6100010100, 11007 1565
....... 11ιο11010 007 4, 1
610000οἲ 800610007
....... Thomas de; 5
61001010, 0000110011 0001001 017 41, 46
61011010 00. L1ncs]; 124
6101100, 1111001007196
61101, 6.7 56

Index.

Grimefiby, Bsmarg9du 161, 189

......ζ6011111107ε11017 116

6110101007[00. Lines]; 87

61101007, 61001900. Lines ; 58, 149

;;;;;ῑ; 11111110 ’11110810 on 0,,
1 1 11 1

....... 0111118191011119010 1117192112

6100001οε10, 1100οη7 48

600000, 1109117 191

600100,110 0179

600007, 11111001 007 4

6010110, W.; 106. 126

600100001110, 1100007 00 7 152

60007 [00. Lines 7 128, 144. 207

60011010007 co. 1000]7156,190

671010000. ,0101000

ΗΔΒΠΕΘᾹεο. Lines]; 89

11:133: 111110ἓὲ11

11000010. SceHaugham

Hacconb [00. 11000]7 195

Ηο0007 [veo. Lines]; 104

110011οῐ0. See 1100911010

Haeo, clerk 7 110

1100000 [00. 110010]7 41

....... 1101117007 104, 164
1100000010, 000011 007 121
Ηο901019. SeeAuthorpe
11090007[οο.1,1000]; 122

....... 1001010000001001017 158, 166
Ηο110000. 8011090007

110111, 111111οι0 007 208

110111100100, 000901 01 St. Nicholas 017

Η11110111010, 1100011 007 85

1101, Αο010 007 201

....... 1011111001 007 1 5

11010 [00. Lines]; 162
11010110111007, 0000 017 108
Ηο111091011[00. Lines]; 69
1101010οε, 1109111010 de; 27
11011011100.1,11100]7 89, 129

....... Εο01[00. Lines]; 165, 208
...... 110109010100. Lines]; 206
....... 111011οῐ0007 118

....... Ιέ11ἒ11090 0011 9151011110 00 d, 129 -
11110091 1111, &m θ’ ¹²⁹
Ham0‚c 09101117 156

1100011000, William de; 139
Ηο00011[00. Lines]; 158

Ηο00010, 61100117 111, 115
1110111011, 1,,

1101011101, 000901 01 St. Thomas 01 7 38
1101007, Walter de 7, 190

Ηο1091010, 110910010007 55
Ηο1011010. Sec 11011010
Ηο1109000’, 111111Ιί00007 215
Harinfiton, Α1100 00; 158
010111ἒὲ 11110, 21⁶
Harhngton [00. 000017 7

 

